# Computational-Electromagnetics
Apply the above algorithm to obtain current distribution on a dipole and here are the outputs of the MOM MATLAB algorithm:

Z =

   1.0e+04 *

  Columns 1 through 4

   0.0016 - 6.7892i   0.0016 + 2.9235i   0.0016 + 0.3300i   0.0016 + 0.0974i
   0.0016 + 2.9235i   0.0016 - 6.7892i   0.0016 + 2.9235i   0.0016 + 0.3300i
   0.0016 + 0.3300i   0.0016 + 2.9235i   0.0016 - 6.7892i   0.0016 + 2.9235i
   0.0016 + 0.0974i   0.0016 + 0.3300i   0.0016 + 2.9235i   0.0016 - 6.7892i
   0.0015 + 0.0424i   0.0016 + 0.0974i   0.0016 + 0.3300i   0.0016 + 2.9235i

  Column 5

   0.0015 + 0.0424i
   0.0016 + 0.0974i
   0.0016 + 0.3300i
   0.0016 + 2.9235i
   0.0016 - 6.7892i


rho =

   1.0e+04 *

    6.7892    2.9235    0.3300    0.0975    0.0424
    2.9235    6.7892    2.9235    0.3300    0.0975
    0.3300    2.9235    6.7892    2.9235    0.3300
    0.0975    0.3300    2.9235    6.7892    2.9235
    0.0424    0.0975    0.3300    2.9235    6.7892


theta =

  -89.9867   89.9691   89.7279   89.0858   87.9236
   89.9691  -89.9867   89.9691   89.7279   89.0858
   89.7279   89.9691  -89.9867   89.9691   89.7279
   89.0858   89.7279   89.9691  -89.9867   89.9691
   87.9236   89.0858   89.7279   89.9691  -89.9867


rho1 =

    0.0005
    0.0010
    0.0016
    0.0010
    0.0005


theta1 =

   89.5428
   89.6428
   89.7631
   89.6428
   89.5428



